1.995041815643156646e+06 4.968464738106321893e+05 1.970679411679594195e+05 9.394859432927405578e+04 4.876689091108242428e+04 2.715152866768895183e+04 1.551889812553364391e+04 9.080857336084049166e+03 5.151232059336702150e+03 2.991602669146247081e+03 2.103980406928724278e+03 2.227658114823394499e+03 2.329275274322913901e+03 1.726716358159551191e+03 6.811638834921216130e+02 -2.567430098786782651e+02 -6.600697018049203280e+02 -9.060039736059420648e+02 -9.567211911644700422e+02 -6.626772115008113815e+02 -6.781086685456911027e+02 -5.152913032388075862e+02 -5.674346760600076323e+02 -4.176273607608429188e+02 -4.515389830843809023e+02
4.968464738106321893e+05 1.237349596881329053e+05 4.907792455192677153e+04 2.339701728000555522e+04 1.214493732007661674e+04 6.761833852373184527e+03 3.864836193631211245e+03 2.261502448642620948e+03 1.282866087452464171e+03 7.450306195805035259e+02 5.239766107126030192e+02 5.547773848295908010e+02 5.800841862029146796e+02 4.300225330692992998e+02 1.696374840885535775e+02 -6.393944126957883611e+01 -1.643841754634545964e+02 -2.256318020173920331e+02 -2.382624499416711217e+02 -1.650335515748372472e+02 -1.688766112134100297e+02 -1.283284719009307366e+02 -1.413142900941648463e+02 -1.040061817722301214e+02 -1.124515535943150155e+02
1.970679411679594195e+05 4.907792455192677153e+04 1.946614510813525703e+04 9.280134349717962323e+03 4.817137529902606730e+03 2.681996849398054565e+03 1.532938951905468912e+03 8.969966695306299016e+02 5.088327934284410503e+02 2.955070799325941948e+02 2.078287712689616455e+02 2.200455128386570038e+02 2.300831390016688829e+02 1.705630606350538017e+02 6.728458696279494688e+01 -2.536077988839268116e+01 -6.520092758988344883e+01 -8.949403294426571165e+01 -9.450382149658713615e+01 -6.545849463935120127e+01 -6.698279614925723990e+01 -5.089988382158102809e+01 -5.605054625111567645e+01 -4.125275160300987665e+01 -4.460250278868206664e+01
9.394859432927405578e+04 2.339701728000555522e+04 9.280134349717962323e+03 4.424137044749341840e+03 2.296483627370052545e+03 1.278593732933211868e+03 7.308010591014481179e+02 4.276270205144821261e+02 2.425768778631500027e+02 1.408776829436802416e+02 9.907862690061791966e+01 1.049027385311213010e+02 1.096879961217767345e+02 8.131286984270650464e+01 3.207671605321554864e+01 -1.209029527320268116e+01 -3.108336875646799413e+01 -4.266466955154095331e+01 -4.505299614969329980e+01 -3.120615925475925323e+01 -3.193284253795999916e+01 -2.426560357560921943e+01 -2.672108924681443654e+01 -1.966650697235617429e+01 -2.126344054658753890e+01
4.876689091108242428e+04 1.214493732007661674e+04 4.817137529902606730e+03 2.296483627370052545e+03 1.192060060120931666e+03 6.636931803099466833e+02 3.793446400520331281e+02 2.219728834041385142e+02 1.259169475023475542e+02 7.312687006750810781e+01 5.142979163332896775e+01 5.445297473144474765e+01 5.693690899345385503e+01 4.220793179817084706e+01 1.665040045308167649e+01 -6.275837527067842814e+00 -1.613477312219566429e+01 -2.214640156945977978e+01 -2.338613551766724186e+01 -1.619851138824618886e+01 -1.657571854592090332e+01 -1.259580372856910557e+01 -1.387039863232089232e+01 -1.020850199318828544e+01 -1.103743916404802405e+01
2.715152866768895183e+04 6.761833852373184527e+03 2.681996849398054565e+03 1.278593732933211868e+03 6.636931803099466833e+02 3.695188322286140306e+02 2.112045031772964876e+02 1.235859629285936023e+02 7.010571295032177375e+01 4.071422848629393343e+01 2.863412986137189975e+01 3.031732174226842247e+01 3.170028063307182364e+01 2.349975270073717937e+01 9.270302457404177687e+00 -3.494144816579355606e+00 -8.983220897525544757e+00 -1.233026430026024833e+01 -1.302050051778656226e+01 -9.018707935216822236e+00 -9.228722365979381337e+00 -7.012858994323217132e+00 -7.722504391209221275e+00 -5.683701204561008247e+00 -6.145221556412694852e+00
1.551889812553364391e+04 3.864836193631211245e+03 1.532938951905468912e+03 7.308010591014481179e+02 3.793446400520331281e+02 2.112045031772964876e+02 1.207173738933374239e+02 7.063757007493995843e+01 4.007006231452535161e+01 2.327088069018132543e+01 1.636630344139969040e+01 1.732835906735217080e+01 1.811881165880975075e+01 1.343166630530118333e+01 5.298592402442162452e+00 -1.997135202593411929e+00 -5.134506017721170323e+00 -7.047563220549498908e+00 -7.442079004731330549e+00 -5.154789318895064199e+00 -5.274826480422593278e+00 -4.008313788827126523e+00 -4.413923100512127995e+00 -3.248611946838139808e+00 -3.512401454707363868e+00
9.080857336084049166e+03 2.261502448642620948e+03 8.969966695306299016e+02 4.276270205144821261e+02 2.219728834041385142e+02 1.235859629285936023e+02 7.063757007493995843e+01 4.133345808985127690e+01 2.344693114107253962e+01 1.361691774854111792e+01 9.576715727108037868e+00 1.013966080166664874e+01 1.060219270907361278e+01 7.859517315495035739e+00 3.100462635492462038e+00 -1.168620216074163887e+00 -3.004447566881137455e+00 -4.123869782131916573e+00 -4.354720070955170996e+00 -3.016316354668862054e+00 -3.086555950709262586e+00 -2.345458153620553876e+00 -2.582799771589024740e+00 -1.900919938167159096e+00 -2.055275894404160031e+00
5.151232059336702150e+03 1.282866087452464171e+03 5.088327934284410503e+02 2.425768778631500027e+02 1.259169475023475542e+02 7.010571295032177375e+01 4.007006231452535161e+01 2.344693114107253962e+01 1.330057197580923223e+01 7.724371031980971303e+00 5.432514705661335874e+00 5.751852307733171799e+00 6.014229264697800836e+00 4.458411600033674205e+00 1.758777131362397217e+00 -6.629145479373189653e-01 -1.704311062387694253e+00 -2.339317619998218412e+00 -2.470270434234018708e+00 -1.711043903132635657e+00 -1.750888231753550794e+00 -1.330491103946248144e+00 -1.465126162027876822e+00 -1.078321109391877419e+00 -1.165881518196387745e+00
2.991602669146247081e+03 7.450306195805035259e+02 2.955070799325941948e+02 1.408776829436802416e+02 7.312687006750810781e+01 4.071422848629393343e+01 2.327088069018132543e+01 1.361691774854111792e+01 7.724371031980971303e+00 4.485966711782798377e+00 3.154959700347434559e+00 3.340416303866280856e+00 3.492792778469355319e+00 2.589244165367179384e+00 1.021418420348191303e+00 -3.849906460106128914e-01 -9.897867164625445691e-01 -1.358569836069909442e+00 -1.434621332612697531e+00 -9.936968723363142075e-01 -1.016836680902377443e+00 -7.726890903770617935e-01 -8.508790319988027706e-01 -6.262401530463778121e-01 -6.770913032222437566e-01
2.103980406928724278e+03 5.239766107126030192e+02 2.078287712689616455e+02 9.907862690061791966e+01 5.142979163332896775e+01 2.863412986137189975e+01 1.636630344139969040e+01 9.576715727108037868e+00 5.432514705661335874e+00 3.154959700347434559e+00 2.218869568561111727e+00 2.349299984529339635e+00 2.456465510377403572e+00 1.821003802592588094e+00 7.183590703798042876e-01 -2.707620464607078392e-01 -6.961123673251027322e-01 -9.554758472222673049e-01 -1.008962519173927097e+00 -6.988624159092080568e-01 -7.151365394451721924e-01 -5.434286545583046912e-01 -5.984193160643558329e-01 -4.404318173731350816e-01 -4.761951728246961446e-01
2.227658114823394499e+03 5.547773848295908010e+02 2.200455128386570038e+02 1.049027385311213010e+02 5.445297473144474765e+01 3.031732174226842247e+01 1.732835906735217080e+01 1.013966080166664874e+01 5.751852307733171799e+00 3.340416303866280856e+00 2.349299984529339635e+00 2.487398500230605602e+00 2.600863363672034634e+00 1.928047456527339998e+00 7.605862041705824250e-01 -2.866781289960549373e-01 -7.370316936386128726e-01 -1.011641282884318871e+00 -1.068272054563386808e+00 -7.399434578365238213e-01 -7.571741976017668518e-01 -5.753728322116893334e-01 -6.335960064013276272e-01 -4.663216095117753146e-01 -5.041872471443955561e-01
2.329275274322913901e+03 5.800841862029146796e+02 2.300831390016688829e+02 1.096879961217767345e+02 5.693690899345385503e+01 3.170028063307182364e+01 1.811881165880975075e+01 1.060219270907361278e+01 6.014229264697800836e+00 3.492792778469355319e+00 2.456465510377403572e+00 2.600863363672034634e+00 2.719504941738225767e+00 2.015997617212228921e+00 7.952813280864152734e-01 -2.997551772832444117e-01 -7.706521590102970443e-01 -1.057788419277041037e+00 -1.117002478215867622e+00 -7.736967817675804993e-01 -7.917135187621273662e-01 -6.016190648211671155e-01 -6.624981670200721373e-01 -4.875933515632076554e-01 -5.271862825298555544e-01
1.726716358159551191e+03 4.300225330692992998e+02 1.705630606350538017e+02 8.131286984270650464e+01 4.220793179817084706e+01 2.349975270073717937e+01 1.343166630530118333e+01 7.859517315495035739e+00 4.458411600033674205e+00 2.589244165367179384e+00 1.821003802592588094e+00 1.928047456527339998e+00 2.015997617212228921e+00 1.494480831765304663e+00 5.895507134125603788e-01 -2.222114510067669246e-01 -5.712924118386560890e-01 -7.841496293240957094e-01 -8.280456539883461753e-01 -5.735495557775076580e-01 -5.869055669574401168e-01 -4.459865400969583726e-01 -4.911168619425494430e-01 -3.614580898409712195e-01 -3.908087675554229867e-01
6.811638834921216130e+02 1.696374840885535775e+02 6.728458696279494688e+01 3.207671605321554864e+01 1.665040045308167649e+01 9.270302457404177687e+00 5.298592402442162452e+00 3.100462635492462038e+00 1.758777131362397217e+00 1.021418420348191303e+00 7.183590703798042876e-01 7.605862041705824250e-01 7.952813280864152734e-01 5.895507134125603788e-01 2.325696557793965613e-01 -8.765869712266334546e-02 -2.253660491585950387e-01 -3.093351058917395147e-01 -3.266514974467811250e-01 -2.262566610747918094e-01 -2.315254522034334017e-01 -1.759350106709039463e-01 -1.937382633233604434e-01 -1.425898191174258811e-01 -1.541682451623925532e-01
-2.567430098786782651e+02 -6.393944126957883611e+01 -2.536077988839268116e+01 -1.209029527320268116e+01 -6.275837527067842814e+00 -3.494144816579355606e+00 -1.997135202593411929e+00 -1.168620216074163887e+00 -6.629145479373189653e-01 -3.849906460106128914e-01 -2.707620464607078392e-01 -2.866781289960549373e-01 -2.997551772832444117e-01 -2.222114510067669246e-01 -8.765869712266334546e-02 3.304128015921662526e-02 8.494532050120913447e-02 1.165945659029888060e-01 1.231212926441269812e-01 8.528049213842518739e-02 8.726629607777046382e-02 6.631319757057731190e-02 7.302352688776397871e-02 5.374472441274282669e-02 5.810878477053815078e-02
-6.600697018049203280e+02 -1.643841754634545964e+02 -6.520092758988344883e+01 -3.108336875646799413e+01 -1.613477312219566429e+01 -8.983220897525544757e+00 -5.134506017721170323e+00 -3.004447566881137455e+00 -1.704311062387694253e+00 -9.897867164625445691e-01 -6.961123673251027322e-01 -7.370316936386128726e-01 -7.706521590102970443e-01 -5.712924118386560890e-01 -2.253660491585950387e-01 8.494532050120913447e-02 2.183882297878259604e-01 2.997565518670105567e-01 3.165364570628903529e-01 2.192503944534901217e-01 2.243558670051752357e-01 1.704868661511177164e-01 1.877387141139729709e-01 1.381741745711492775e-01 1.493939703145909792e-01
-9.060039736059420648e+02 -2.256318020173920331e+02 -8.949403294426571165e+01 -4.266466955154095331e+01 -2.214640156945977978e+01 -1.233026430026024833e+01 -7.047563220549498908e+00 -4.123869782131916573e+00 -2.339317619998218412e+00 -1.358569836069909442e+00 -9.554758472222673049e-01 -1.011641282884318871e+00 -1.057788419277041037e+00 -7.841496293240957094e-01 -3.093351058917395147e-01 1.165945659029888060e-01 2.997565518670105567e-01 4.114423276817321673e-01 4.344741770853852714e-01 3.009404980130292451e-01 3.079482554771456049e-01 2.340082844245169880e-01 2.576879819865562360e-01 1.896562679898808057e-01 2.050564443134909320e-01
-9.567211911644700422e+02 -2.382624499416711217e+02 -9.450382149658713615e+01 -4.505299614969329980e+01 -2.338613551766724186e+01 -1.302050051778656226e+01 -7.442079004731330549e+00 -4.354720070955170996e+00 -2.470270434234018708e+00 -1.434621332612697531e+00 -1.008962519173927097e+00 -1.068272054563386808e+00 -1.117002478215867622e+00 -8.280456539883461753e-01 -3.266514974467811250e-01 1.231212926441269812e-01 3.165364570628903529e-01 4.344741770853852714e-01 4.587957325893033955e-01 3.177868930034252193e-01 3.251869241679213873e-01 2.471078727206331427e-01 2.721131224493536505e-01 2.002730635462838249e-01 2.165353046215266475e-01
-6.626772115008113815e+02 -1.650335515748372472e+02 -6.545849463935120127e+01 -3.120615925475925323e+01 -1.619851138824618886e+01 -9.018707935216822236e+00 -5.154789318895064199e+00 -3.016316354668862054e+00 -1.711043903132635657e+00 -9.936968723363142075e-01 -6.988624159092080568e-01 -7.399434578365238213e-01 -7.736967817675804993e-01 -5.735495557775076580e-01 -2.262566610747918094e-01 8.528049213842518739e-02 2.192503944534901217e-01 3.009404980130292451e-01 3.177868930034252193e-01 2.201167999962553579e-01 2.252423699105832733e-01 1.711604998565956492e-01 1.884804618643176888e-01 1.387200999869232232e-01 1.499842056945784874e-01
-6.781086685456911027e+02 -1.688766112134100297e+02 -6.698279614925723990e+01 -3.193284253795999916e+01 -1.657571854592090332e+01 -9.228722365979381337e+00 -5.274826480422593278e+00 -3.086555950709262586e+00 -1.750888231753550794e+00 -1.016836680902377443e+00 -7.151365394451721924e-01 -7.571741976017668518e-01 -7.917135187621273662e-01 -5.869055669574401168e-01 -2.315254522034334017e-01 8.726629607777046382e-02 2.243558670051752357e-01 3.079482554771456049e-01 3.251869241679213873e-01 2.252423699105832733e-01 2.304876333572678515e-01 1.751463171231056604e-01 1.928695834871614334e-01 1.419504601191778348e-01 1.534768635201138043e-01
-5.152913032388075862e+02 -1.283284719009307366e+02 -5.089988382158102809e+01 -2.426560357560921943e+01 -1.259580372856910557e+01 -7.012858994323217132e+00 -4.008313788827126523e+00 -2.345458153620553876e+00 -1.330491103946248144e+00 -7.726890903770617935e-01 -5.434286545583046912e-01 -5.753728322116893334e-01 -6.016190648211671155e-01 -4.459865400969583726e-01 -1.759350106709039463e-01 6.631319757057731190e-02 1.704868661511177164e-01 2.340082844245169880e-01 2.471078727206331427e-01 1.711604998565956492e-01 1.751463171231056604e-01 1.330930172559389724e-01 1.465607460581758725e-01 1.078675189215096142e-01 1.166263569191191979e-01
-5.674346760600076323e+02 -1.413142900941648463e+02 -5.605054625111567645e+01 -2.672108924681443654e+01 -1.387039863232089232e+01 -7.722504391209221275e+00 -4.413923100512127995e+00 -2.582799771589024740e+00 -1.465126162027876822e+00 -8.508790319988027706e-01 -5.984193160643558329e-01 -6.335960064013276272e-01 -6.624981670200721373e-01 -4.911168619425494430e-01 -1.937382633233604434e-01 7.302352688776397871e-02 1.877387141139729709e-01 2.576879819865562360e-01 2.721131224493536505e-01 1.884804618643176888e-01 1.928695834871614334e-01 1.465607460581758725e-01 1.613916251167102356e-01 1.187828955509719481e-01 1.284280526303960834e-01
-4.176273607608429188e+02 -1.040061817722301214e+02 -4.125275160300987665e+01 -1.966650697235617429e+01 -1.020850199318828544e+01 -5.683701204561008247e+00 -3.248611946838139808e+00 -1.900919938167159096e+00 -1.078321109391877419e+00 -6.262401530463778121e-01 -4.404318173731350816e-01 -4.663216095117753146e-01 -4.875933515632076554e-01 -3.614580898409712195e-01 -1.425898191174258811e-01 5.374472441274282669e-02 1.381741745711492775e-01 1.896562679898808057e-01 2.002730635462838249e-01 1.387200999869232232e-01 1.419504601191778348e-01 1.078675189215096142e-01 1.187828955509719481e-01 8.742345170675198951e-02 9.452212128683253056e-02
-4.515389830843809023e+02 -1.124515535943150155e+02 -4.460250278868206664e+01 -2.126344054658753890e+01 -1.103743916404802405e+01 -6.145221556412694852e+00 -3.512401454707363868e+00 -2.055275894404160031e+00 -1.165881518196387745e+00 -6.770913032222437566e-01 -4.761951728246961446e-01 -5.041872471443955561e-01 -5.271862825298555544e-01 -3.908087675554229867e-01 -1.541682451623925532e-01 5.810878477053815078e-02 1.493939703145909792e-01 2.050564443134909320e-01 2.165353046215266475e-01 1.499842056945784874e-01 1.534768635201138043e-01 1.166263569191191979e-01 1.284280526303960834e-01 9.452212128683253056e-02 1.021974935912640520e-01
